name: qsar
channels: 
- rdkit
- mwojcikowski
- defaults
dependencies:
- bzip2=1.0.6=vc14_3
- mkl=11.3.3=1
- zlib=1.2.8=vc14_3
- nose=1.3.7=py35_1
- numpy=1.11.2=py35_0
- pandas=0.19.1=np111py35_0
- pip=9.0.1=py35_0
- python=3.5.2=0
- python-dateutil=2.6.0=py35_0
- pytz=2016.7=py35_0
- boost=1.59.0=py35_3
- rdkit=2016.03.1=np111py35_1
- scikit-learn=0.18.1=np111py35_0
- scipy=0.18.1=np111py35_0
- setuptools=27.2.0=py35_1
- six=1.10.0=py35_0
- vs2010_runtime=10.00.40219.1=2
- vs2015_runtime=14.0.25123=0
- wheel=0.29.0=py35_0
prefix: C:\Users\Daniel\Anaconda3\envs\qsar

